300.000000 0.930483
305.000000 1.128210
310.000000 1.357690
315.000000 1.622190
320.000000 1.925080
325.000000 2.269800
330.000000 2.659810
335.000000 3.098610
340.000000 3.589680
345.000000 4.136480
350.000000 4.742380
355.000000 5.410700
360.000000 6.144620
365.000000 6.947200
370.000000 7.821350
375.000000 8.769800
380.000000 9.795100
385.000000 10.899600
390.000000 12.085300
395.000000 13.354300
400.000000 14.708000
405.000000 16.148001
410.000000 17.675301
415.000000 19.290701
420.000000 20.995001
425.000000 22.788300
430.000000 24.670900
435.000000 26.642500
440.000000 28.702700
445.000000 30.850800
450.000000 33.085899
455.000000 35.406799
460.000000 37.812099
465.000000 40.300201
470.000000 42.869301
475.000000 45.517399
480.000000 48.242298
485.000000 51.041801
490.000000 53.913200
495.000000 56.853901
500.000000 59.861099
505.000000 62.931999
510.000000 66.063499
515.000000 69.252502
520.000000 72.495903
525.000000 75.790298
530.000000 79.132599
535.000000 82.519302
540.000000 85.946999
545.000000 89.412399
550.000000 92.912003
555.000000 96.442299
560.000000 100.000000
565.000000 103.582001
570.000000 107.183998
575.000000 110.803001
580.000000 114.435997
585.000000 118.080002
590.000000 121.731003
595.000000 125.386002
600.000000 129.042999
605.000000 132.697006
610.000000 136.345993
615.000000 139.988007
620.000000 143.617996
625.000000 147.235001
630.000000 150.835999
635.000000 154.417999
640.000000 157.979004
645.000000 161.516006
650.000000 165.028000
655.000000 168.509995
660.000000 171.962997
665.000000 175.382996
670.000000 178.768997
675.000000 182.117996
680.000000 185.429001
685.000000 188.701004
690.000000 191.931000
695.000000 195.117996
700.000000 198.261002
705.000000 201.358994
710.000000 204.408997
715.000000 207.410995
720.000000 210.365005
725.000000 213.268005
730.000000 216.119995
735.000000 218.919998
740.000000 221.667007
745.000000 224.360992
750.000000 227.000000
755.000000 229.585007
760.000000 232.115005
765.000000 234.589005
770.000000 237.007996
775.000000 239.369995
780.000000 241.675003
785.000000 243.923996
790.000000 246.115997
795.000000 248.251007
800.000000 250.328995
805.000000 252.350006
810.000000 254.313995
815.000000 256.221008
820.000000 258.071014
825.000000 259.864990
830.000000 261.601990
